matrix_a = [0.13,56.36,19.33;
            80.87,58.5,47.99;
            35.03,89.60,82.28;
            74.66,17.41,85.89]
matrix_b = [71.05,51.35;
            30.4,1.5;
            9.14,36.45;]
matrix_c = matrix_a * matrix_b
        